1,COUNT = 1402
1,3,COUNT = 1273
1,3,5,COUNT = 1167
1,3,5,7,COUNT = 1142
1,3,5,7,9,COUNT = 1015
1,3,5,7,9,17,COUNT = 868
1,3,5,7,9,17,21,COUNT = 701
1,3,5,7,9,21,COUNT = 831
1,3,5,7,11,COUNT = 715
1,3,5,7,14,COUNT = 704
1,3,5,7,15,COUNT = 737
1,3,5,7,15,17,COUNT = 737
1,3,5,7,17,COUNT = 964
1,3,5,7,17,19,COUNT = 734
1,3,5,7,17,21,COUNT = 780
1,3,5,7,19,COUNT = 734
1,3,5,7,21,COUNT = 933
1,3,5,9,COUNT = 1040
1,3,5,9,17,COUNT = 892
1,3,5,9,17,21,COUNT = 724
1,3,5,9,21,COUNT = 854
1,3,5,11,COUNT = 730
1,3,5,14,COUNT = 727
1,3,5,15,COUNT = 749
1,3,5,15,17,COUNT = 749
1,3,5,17,COUNT = 988
1,3,5,17,19,COUNT = 758
1,3,5,17,21,COUNT = 803
1,3,5,19,COUNT = 758
1,3,5,21,COUNT = 956
1,3,7,COUNT = 1245
1,3,7,9,COUNT = 1100
1,3,7,9,11,COUNT = 730
1,3,7,9,15,COUNT = 726
1,3,7,9,15,17,COUNT = 726
1,3,7,9,17,COUNT = 953
1,3,7,9,17,19,COUNT = 689
1,3,7,9,17,21,COUNT = 771
1,3,7,9,19,COUNT = 689
1,3,7,9,21,COUNT = 901
1,3,7,11,COUNT = 798
1,3,7,11,17,COUNT = 719
1,3,7,14,COUNT = 746
1,3,7,15,COUNT = 840
1,3,7,15,17,COUNT = 840
1,3,7,17,COUNT = 1067
1,3,7,17,19,COUNT = 783
1,3,7,17,21,COUNT = 867
1,3,7,19,COUNT = 783
1,3,7,21,COUNT = 1020
1,3,9,COUNT = 1128
1,3,9,11,COUNT = 748
1,3,9,11,17,COUNT = 685
1,3,9,15,COUNT = 741
1,3,9,15,17,COUNT = 741
1,3,9,17,COUNT = 980
1,3,9,17,19,COUNT = 716
1,3,9,17,21,COUNT = 797
1,3,9,19,COUNT = 716
1,3,9,21,COUNT = 927
1,3,11,COUNT = 816
1,3,11,17,COUNT = 737
1,3,14,COUNT = 772
1,3,15,COUNT = 855
1,3,15,17,COUNT = 855
1,3,17,COUNT = 1094
1,3,17,19,COUNT = 810
1,3,17,21,COUNT = 893
1,3,19,COUNT = 810
1,3,21,COUNT = 1046
1,5,COUNT = 1296
1,5,7,COUNT = 1271
1,5,7,9,COUNT = 1134
1,5,7,9,11,COUNT = 748
1,5,7,9,11,17,COUNT = 681
1,5,7,9,15,COUNT = 735
1,5,7,9,15,17,COUNT = 735
1,5,7,9,17,COUNT = 983
1,5,7,9,17,19,COUNT = 743
1,5,7,9,17,21,COUNT = 816
1,5,7,9,19,COUNT = 743
1,5,7,9,21,COUNT = 950
1,5,7,11,COUNT = 810
1,5,7,11,17,COUNT = 727
1,5,7,14,COUNT = 766
1,5,7,15,COUNT = 841
1,5,7,15,17,COUNT = 841
1,5,7,17,COUNT = 1089
1,5,7,17,19,COUNT = 841
1,5,7,17,21,COUNT = 905
1,5,7,19,COUNT = 841
1,5,7,21,COUNT = 1062
1,5,9,COUNT = 1159
1,5,9,11,COUNT = 763
1,5,9,11,17,COUNT = 696
1,5,9,15,COUNT = 747
1,5,9,15,17,COUNT = 747
1,5,9,17,COUNT = 1007
1,5,9,17,19,COUNT = 767
1,5,9,17,21,COUNT = 839
1,5,9,19,COUNT = 767
1,5,9,21,COUNT = 973
1,5,11,COUNT = 825
1,5,11,17,COUNT = 742
1,5,11,21,COUNT = 679
1,5,14,COUNT = 789
1,5,14,17,COUNT = 684
1,5,14,21,COUNT = 693
1,5,15,COUNT = 853
1,5,15,17,COUNT = 853
1,5,15,17,21,COUNT = 688
1,5,15,21,COUNT = 688
1,5,17,COUNT = 1113
1,5,17,19,COUNT = 865
1,5,17,19,21,COUNT = 680
1,5,17,21,COUNT = 928
1,5,19,COUNT = 865
1,5,19,21,COUNT = 680
1,5,21,COUNT = 1085
1,7,COUNT = 1374
1,7,9,COUNT = 1219
1,7,9,11,COUNT = 819
1,7,9,11,17,COUNT = 752
1,7,9,15,COUNT = 820
1,7,9,15,17,COUNT = 820
1,7,9,17,COUNT = 1068
1,7,9,17,19,COUNT = 786
1,7,9,17,21,COUNT = 886
1,7,9,19,COUNT = 786
1,7,9,21,COUNT = 1020
1,7,11,COUNT = 893
1,7,11,15,COUNT = 693
1,7,11,15,17,COUNT = 693
1,7,11,17,COUNT = 810
1,7,11,21,COUNT = 732
1,7,14,COUNT = 808
1,7,14,17,COUNT = 703
1,7,14,21,COUNT = 706
1,7,15,COUNT = 944
1,7,15,17,COUNT = 944
1,7,15,17,19,COUNT = 700
1,7,15,17,21,COUNT = 763
1,7,15,19,COUNT = 700
1,7,15,21,COUNT = 763
1,7,17,COUNT = 1192
1,7,17,19,COUNT = 890
1,7,17,19,21,COUNT = 690
1,7,17,21,COUNT = 992
1,7,19,COUNT = 890
1,7,19,21,COUNT = 690
1,7,21,COUNT = 1149
1,9,COUNT = 1247
1,9,11,COUNT = 837
1,9,11,17,COUNT = 770
1,9,11,21,COUNT = 686
1,9,14,COUNT = 700
1,9,15,COUNT = 835
1,9,15,17,COUNT = 835
1,9,17,COUNT = 1095
1,9,17,19,COUNT = 813
1,9,17,21,COUNT = 912
1,9,19,COUNT = 813
1,9,21,COUNT = 1046
1,11,COUNT = 911
1,11,15,COUNT = 708
1,11,15,17,COUNT = 708
1,11,17,COUNT = 828
1,11,21,COUNT = 749
1,14,COUNT = 834
1,14,17,COUNT = 729
1,14,21,COUNT = 732
1,15,COUNT = 959
1,15,17,COUNT = 959
1,15,17,19,COUNT = 715
1,15,17,21,COUNT = 778
1,15,19,COUNT = 715
1,15,21,COUNT = 778
1,17,COUNT = 1219
1,17,19,COUNT = 917
1,17,19,21,COUNT = 716
1,17,21,COUNT = 1018
1,19,COUNT = 917
1,19,21,COUNT = 716
1,21,COUNT = 1175
2,COUNT = 769
3,COUNT = 1916
3,5,COUNT = 1810
3,5,7,COUNT = 1785
3,5,7,9,COUNT = 1623
3,5,7,9,11,COUNT = 1198
3,5,7,9,11,15,COUNT = 971
3,5,7,9,11,15,17,COUNT = 971
3,5,7,9,11,15,17,19,COUNT = 757
3,5,7,9,11,15,19,COUNT = 757
3,5,7,9,11,17,COUNT = 1135
3,5,7,9,11,17,19,COUNT = 876
3,5,7,9,11,17,21,COUNT = 778
3,5,7,9,11,19,COUNT = 876
3,5,7,9,11,21,COUNT = 837
3,5,7,9,13,COUNT = 876
3,5,7,9,13,15,COUNT = 697
3,5,7,9,13,15,17,COUNT = 697
3,5,7,9,13,17,COUNT = 804
3,5,7,9,14,COUNT = 747
3,5,7,9,15,COUNT = 1183
3,5,7,9,15,17,COUNT = 1183
3,5,7,9,15,17,19,COUNT = 900
3,5,7,9,15,17,21,COUNT = 831
3,5,7,9,15,19,COUNT = 900
3,5,7,9,15,21,COUNT = 831
3,5,7,9,17,COUNT = 1476
3,5,7,9,17,19,COUNT = 1129
3,5,7,9,17,19,21,COUNT = 736
3,5,7,9,17,21,COUNT = 1083
3,5,7,9,19,COUNT = 1129
3,5,7,9,19,21,COUNT = 736
3,5,7,9,21,COUNT = 1213
3,5,7,11,COUNT = 1282
3,5,7,11,15,COUNT = 1039
3,5,7,11,15,17,COUNT = 1039
3,5,7,11,15,17,19,COUNT = 823
3,5,7,11,15,17,21,COUNT = 699
3,5,7,11,15,19,COUNT = 823
3,5,7,11,15,21,COUNT = 699
3,5,7,11,17,COUNT = 1203
3,5,7,11,17,19,COUNT = 942
3,5,7,11,17,21,COUNT = 832
3,5,7,11,19,COUNT = 942
3,5,7,11,21,COUNT = 902
3,5,7,13,COUNT = 902
3,5,7,13,15,COUNT = 722
3,5,7,13,15,17,COUNT = 722
3,5,7,13,17,COUNT = 829
3,5,7,14,COUNT = 883
3,5,7,14,17,COUNT = 778
3,5,7,14,21,COUNT = 706
3,5,7,15,COUNT = 1314
3,5,7,15,17,COUNT = 1314
3,5,7,15,17,19,COUNT = 1023
3,5,7,15,17,21,COUNT = 936
3,5,7,15,19,COUNT = 1023
3,5,7,15,21,COUNT = 936
3,5,7,17,COUNT = 1607
3,5,7,17,19,COUNT = 1252
3,5,7,17,19,21,COUNT = 833
3,5,7,17,21,COUNT = 1188
3,5,7,19,COUNT = 1252
3,5,7,19,21,COUNT = 833
3,5,7,21,COUNT = 1341
3,5,9,COUNT = 1648
3,5,9,11,COUNT = 1213
3,5,9,11,15,COUNT = 983
3,5,9,11,15,17,COUNT = 983
3,5,9,11,15,17,19,COUNT = 769
3,5,9,11,15,19,COUNT = 769
3,5,9,11,17,COUNT = 1150
3,5,9,11,17,19,COUNT = 891
3,5,9,11,17,21,COUNT = 792
3,5,9,11,19,COUNT = 891
3,5,9,11,21,COUNT = 851
3,5,9,13,COUNT = 878
3,5,9,13,15,COUNT = 697
3,5,9,13,15,17,COUNT = 697
3,5,9,13,17,COUNT = 805
3,5,9,14,COUNT = 770
3,5,9,14,17,COUNT = 695
3,5,9,15,COUNT = 1195
3,5,9,15,17,COUNT = 1195
3,5,9,15,17,19,COUNT = 912
3,5,9,15,17,21,COUNT = 843
3,5,9,15,19,COUNT = 912
3,5,9,15,21,COUNT = 843
3,5,9,17,COUNT = 1500
3,5,9,17,19,COUNT = 1153
3,5,9,17,19,21,COUNT = 759
3,5,9,17,21,COUNT = 1106
3,5,9,19,COUNT = 1153
3,5,9,19,21,COUNT = 759
3,5,9,21,COUNT = 1236
3,5,11,COUNT = 1297
3,5,11,15,COUNT = 1051
3,5,11,15,17,COUNT = 1051
3,5,11,15,17,19,COUNT = 835
3,5,11,15,17,21,COUNT = 711
3,5,11,15,19,COUNT = 835
3,5,11,15,21,COUNT = 711
3,5,11,17,COUNT = 1218
3,5,11,17,19,COUNT = 957
3,5,11,17,21,COUNT = 846
3,5,11,19,COUNT = 957
3,5,11,21,COUNT = 916
3,5,13,COUNT = 904
3,5,13,15,COUNT = 722
3,5,13,15,17,COUNT = 722
3,5,13,17,COUNT = 830
3,5,14,COUNT = 906
3,5,14,17,COUNT = 801
3,5,14,21,COUNT = 729
3,5,15,COUNT = 1326
3,5,15,17,COUNT = 1326
3,5,15,17,19,COUNT = 1035
3,5,15,17,21,COUNT = 948
3,5,15,19,COUNT = 1035
3,5,15,21,COUNT = 948
3,5,17,COUNT = 1631
3,5,17,19,COUNT = 1276
3,5,17,19,21,COUNT = 856
3,5,17,21,COUNT = 1211
3,5,19,COUNT = 1276
3,5,19,21,COUNT = 856
3,5,21,COUNT = 1364
3,7,COUNT = 1888
3,7,9,COUNT = 1708
3,7,9,11,COUNT = 1269
3,7,9,11,15,COUNT = 1042
3,7,9,11,15,17,COUNT = 1042
3,7,9,11,15,17,19,COUNT = 800
3,7,9,11,15,17,21,COUNT = 701
3,7,9,11,15,19,COUNT = 800
3,7,9,11,15,21,COUNT = 701
3,7,9,11,17,COUNT = 1206
3,7,9,11,17,19,COUNT = 919
3,7,9,11,17,21,COUNT = 834
3,7,9,11,19,COUNT = 919
3,7,9,11,21,COUNT = 893
3,7,9,13,COUNT = 934
3,7,9,13,15,COUNT = 755
3,7,9,13,15,17,COUNT = 755
3,7,9,13,17,COUNT = 862
3,7,9,14,COUNT = 774
3,7,9,14,17,COUNT = 699
3,7,9,15,COUNT = 1268
3,7,9,15,17,COUNT = 1268
3,7,9,15,17,19,COUNT = 943
3,7,9,15,17,21,COUNT = 901
3,7,9,15,19,COUNT = 943
3,7,9,15,21,COUNT = 901
3,7,9,17,COUNT = 1561
3,7,9,17,19,COUNT = 1172
3,7,9,17,19,21,COUNT = 764
3,7,9,17,21,COUNT = 1153
3,7,9,19,COUNT = 1172
3,7,9,19,21,COUNT = 764
3,7,9,21,COUNT = 1283
3,7,11,COUNT = 1365
3,7,11,14,COUNT = 694
3,7,11,15,COUNT = 1122
3,7,11,15,17,COUNT = 1122
3,7,11,15,17,19,COUNT = 872
3,7,11,15,17,21,COUNT = 766
3,7,11,15,19,COUNT = 872
3,7,11,15,21,COUNT = 766
3,7,11,17,COUNT = 1286
3,7,11,17,19,COUNT = 991
3,7,11,17,21,COUNT = 899
3,7,11,19,COUNT = 991
3,7,11,21,COUNT = 969
3,7,13,COUNT = 963
3,7,13,15,COUNT = 783
3,7,13,15,17,COUNT = 783
3,7,13,17,COUNT = 890
3,7,13,21,COUNT = 686
3,7,14,COUNT = 925
3,7,14,17,COUNT = 820
3,7,14,21,COUNT = 742
3,7,15,COUNT = 1417
3,7,15,17,COUNT = 1417
3,7,15,17,19,COUNT = 1072
3,7,15,17,19,21,COUNT = 678
3,7,15,17,21,COUNT = 1023
3,7,15,19,COUNT = 1072
3,7,15,19,21,COUNT = 678
3,7,15,21,COUNT = 1023
3,7,17,COUNT = 1710
3,7,17,19,COUNT = 1301
3,7,17,19,21,COUNT = 866
3,7,17,21,COUNT = 1275
3,7,19,COUNT = 1301
3,7,19,21,COUNT = 866
3,7,21,COUNT = 1428
3,9,COUNT = 1736
3,9,11,COUNT = 1287
3,9,11,15,COUNT = 1057
3,9,11,15,17,COUNT = 1057
3,9,11,15,17,19,COUNT = 815
3,9,11,15,17,21,COUNT = 716
3,9,11,15,19,COUNT = 815
3,9,11,15,21,COUNT = 716
3,9,11,17,COUNT = 1224
3,9,11,17,19,COUNT = 937
3,9,11,17,21,COUNT = 851
3,9,11,19,COUNT = 937
3,9,11,21,COUNT = 910
3,9,13,COUNT = 936
3,9,13,15,COUNT = 755
3,9,13,15,17,COUNT = 755
3,9,13,17,COUNT = 863
3,9,14,COUNT = 800
3,9,14,17,COUNT = 725
3,9,15,COUNT = 1283
3,9,15,17,COUNT = 1283
3,9,15,17,19,COUNT = 958
3,9,15,17,21,COUNT = 916
3,9,15,19,COUNT = 958
3,9,15,21,COUNT = 916
3,9,17,COUNT = 1588
3,9,17,19,COUNT = 1199
3,9,17,19,21,COUNT = 790
3,9,17,21,COUNT = 1179
3,9,19,COUNT = 1199
3,9,19,21,COUNT = 790
3,9,21,COUNT = 1309
3,11,COUNT = 1383
3,11,14,COUNT = 711
3,11,15,COUNT = 1137
3,11,15,17,COUNT = 1137
3,11,15,17,19,COUNT = 887
3,11,15,17,21,COUNT = 781
3,11,15,19,COUNT = 887
3,11,15,21,COUNT = 781
3,11,17,COUNT = 1304
3,11,17,19,COUNT = 1009
3,11,17,21,COUNT = 916
3,11,19,COUNT = 1009
3,11,21,COUNT = 986
3,13,COUNT = 965
3,13,15,COUNT = 783
3,13,15,17,COUNT = 783
3,13,17,COUNT = 891
3,13,21,COUNT = 686
3,14,COUNT = 951
3,14,17,COUNT = 846
3,14,21,COUNT = 768
3,15,COUNT = 1432
3,15,17,COUNT = 1432
3,15,17,19,COUNT = 1087
3,15,17,19,21,COUNT = 693
3,15,17,21,COUNT = 1038
3,15,19,COUNT = 1087
3,15,19,21,COUNT = 693
3,15,21,COUNT = 1038
3,17,COUNT = 1737
3,17,19,COUNT = 1328
3,17,19,21,COUNT = 892
3,17,21,COUNT = 1301
3,19,COUNT = 1328
3,19,21,COUNT = 892
3,21,COUNT = 1454
5,COUNT = 1939
5,7,COUNT = 1914
5,7,9,COUNT = 1742
5,7,9,11,COUNT = 1287
5,7,9,11,15,COUNT = 1037
5,7,9,11,15,17,COUNT = 1037
5,7,9,11,15,17,19,COUNT = 823
5,7,9,11,15,17,21,COUNT = 711
5,7,9,11,15,19,COUNT = 823
5,7,9,11,15,21,COUNT = 711
5,7,9,11,17,COUNT = 1220
5,7,9,11,17,19,COUNT = 961
5,7,9,11,17,21,COUNT = 863
5,7,9,11,19,COUNT = 961
5,7,9,11,21,COUNT = 926
5,7,9,13,COUNT = 939
5,7,9,13,15,COUNT = 751
5,7,9,13,15,17,COUNT = 751
5,7,9,13,17,COUNT = 863
5,7,9,14,COUNT = 803
5,7,9,14,17,COUNT = 728
5,7,9,15,COUNT = 1277
5,7,9,15,17,COUNT = 1277
5,7,9,15,17,19,COUNT = 976
5,7,9,15,17,21,COUNT = 925
5,7,9,15,19,COUNT = 976
5,7,9,15,21,COUNT = 925
5,7,9,17,COUNT = 1591
5,7,9,17,19,COUNT = 1226
5,7,9,17,19,21,COUNT = 833
5,7,9,17,21,COUNT = 1198
5,7,9,19,COUNT = 1226
5,7,9,19,21,COUNT = 833
5,7,9,21,COUNT = 1332
5,7,11,COUNT = 1377
5,7,11,13,COUNT = 677
5,7,11,14,COUNT = 700
5,7,11,15,COUNT = 1111
5,7,11,15,17,COUNT = 1111
5,7,11,15,17,19,COUNT = 895
5,7,11,15,17,21,COUNT = 771
5,7,11,15,19,COUNT = 895
5,7,11,15,21,COUNT = 771
5,7,11,17,COUNT = 1294
5,7,11,17,19,COUNT = 1033
5,7,11,17,21,COUNT = 923
5,7,11,19,COUNT = 1033
5,7,11,21,COUNT = 997
5,7,13,COUNT = 969
5,7,13,15,COUNT = 780
5,7,13,15,17,COUNT = 780
5,7,13,17,COUNT = 892
5,7,13,17,19,COUNT = 690
5,7,13,19,COUNT = 690
5,7,13,21,COUNT = 702
5,7,14,COUNT = 945
5,7,14,17,COUNT = 840
5,7,14,21,COUNT = 768
5,7,15,COUNT = 1418
5,7,15,17,COUNT = 1418
5,7,15,17,19,COUNT = 1109
5,7,15,17,19,21,COUNT = 731
5,7,15,17,21,COUNT = 1040
5,7,15,19,COUNT = 1109
5,7,15,19,21,COUNT = 731
5,7,15,21,COUNT = 1040
5,7,17,COUNT = 1732
5,7,17,19,COUNT = 1359
5,7,17,19,21,COUNT = 940
5,7,17,21,COUNT = 1313
5,7,19,COUNT = 1359
5,7,19,21,COUNT = 940
5,7,21,COUNT = 1470
5,9,COUNT = 1767
5,9,11,COUNT = 1302
5,9,11,15,COUNT = 1049
5,9,11,15,17,COUNT = 1049
5,9,11,15,17,19,COUNT = 835
5,9,11,15,17,21,COUNT = 723
5,9,11,15,19,COUNT = 835
5,9,11,15,21,COUNT = 723
5,9,11,17,COUNT = 1235
5,9,11,17,19,COUNT = 976
5,9,11,17,21,COUNT = 877
5,9,11,19,COUNT = 976
5,9,11,21,COUNT = 940
5,9,13,COUNT = 941
5,9,13,15,COUNT = 751
5,9,13,15,17,COUNT = 751
5,9,13,17,COUNT = 864
5,9,14,COUNT = 826
5,9,14,17,COUNT = 751
5,9,14,21,COUNT = 679
5,9,15,COUNT = 1289
5,9,15,17,COUNT = 1289
5,9,15,17,19,COUNT = 988
5,9,15,17,21,COUNT = 937
5,9,15,19,COUNT = 988
5,9,15,21,COUNT = 937
5,9,17,COUNT = 1615
5,9,17,19,COUNT = 1250
5,9,17,19,21,COUNT = 856
5,9,17,21,COUNT = 1221
5,9,19,COUNT = 1250
5,9,19,21,COUNT = 856
5,9,21,COUNT = 1355
5,11,COUNT = 1392
5,11,13,COUNT = 678
5,11,14,COUNT = 714
5,11,15,COUNT = 1123
5,11,15,17,COUNT = 1123
5,11,15,17,19,COUNT = 907
5,11,15,17,21,COUNT = 783
5,11,15,19,COUNT = 907
5,11,15,21,COUNT = 783
5,11,17,COUNT = 1309
5,11,17,19,COUNT = 1048
5,11,17,21,COUNT = 937
5,11,19,COUNT = 1048
5,11,21,COUNT = 1011
5,13,COUNT = 971
5,13,15,COUNT = 780
5,13,15,17,COUNT = 780
5,13,17,COUNT = 893
5,13,17,19,COUNT = 691
5,13,19,COUNT = 691
5,13,21,COUNT = 702
5,14,COUNT = 968
5,14,17,COUNT = 863
5,14,17,19,COUNT = 692
5,14,17,21,COUNT = 699
5,14,19,COUNT = 692
5,14,21,COUNT = 791
5,15,COUNT = 1430
5,15,17,COUNT = 1430
5,15,17,19,COUNT = 1121
5,15,17,19,21,COUNT = 743
5,15,17,21,COUNT = 1052
5,15,19,COUNT = 1121
5,15,19,21,COUNT = 743
5,15,21,COUNT = 1052
5,17,COUNT = 1756
5,17,19,COUNT = 1383
5,17,19,21,COUNT = 963
5,17,21,COUNT = 1336
5,19,COUNT = 1383
5,19,21,COUNT = 963
5,21,COUNT = 1493
7,COUNT = 2017
7,9,COUNT = 1827
7,9,11,COUNT = 1358
7,9,11,13,COUNT = 714
7,9,11,13,17,COUNT = 683
7,9,11,15,COUNT = 1108
7,9,11,15,17,COUNT = 1108
7,9,11,15,17,19,COUNT = 866
7,9,11,15,17,21,COUNT = 767
7,9,11,15,19,COUNT = 866
7,9,11,15,21,COUNT = 767
7,9,11,17,COUNT = 1291
7,9,11,17,19,COUNT = 1004
7,9,11,17,21,COUNT = 919
7,9,11,19,COUNT = 1004
7,9,11,21,COUNT = 982
7,9,13,COUNT = 997
7,9,13,15,COUNT = 809
7,9,13,15,17,COUNT = 809
7,9,13,17,COUNT = 921
7,9,13,17,19,COUNT = 687
7,9,13,19,COUNT = 687
7,9,13,21,COUNT = 724
7,9,14,COUNT = 830
7,9,14,17,COUNT = 755
7,9,14,21,COUNT = 678
7,9,15,COUNT = 1362
7,9,15,17,COUNT = 1362
7,9,15,17,19,COUNT = 1019
7,9,15,17,21,COUNT = 995
7,9,15,19,COUNT = 1019
7,9,15,21,COUNT = 995
7,9,17,COUNT = 1676
7,9,17,19,COUNT = 1269
7,9,17,19,21,COUNT = 861
7,9,17,21,COUNT = 1268
7,9,19,COUNT = 1269
7,9,19,21,COUNT = 861
7,9,21,COUNT = 1402
7,11,COUNT = 1460
7,11,13,COUNT = 723
7,11,13,17,COUNT = 691
7,11,14,COUNT = 737
7,11,14,17,COUNT = 686
7,11,15,COUNT = 1194
7,11,15,17,COUNT = 1194
7,11,15,17,19,COUNT = 944
7,11,15,17,21,COUNT = 838
7,11,15,19,COUNT = 944
7,11,15,21,COUNT = 838
7,11,17,COUNT = 1377
7,11,17,19,COUNT = 1082
7,11,17,19,21,COUNT = 695
7,11,17,21,COUNT = 990
7,11,19,COUNT = 1082
7,11,19,21,COUNT = 695
7,11,21,COUNT = 1064
7,13,COUNT = 1030
7,13,15,COUNT = 841
7,13,15,17,COUNT = 841
7,13,17,COUNT = 953
7,13,17,19,COUNT = 714
7,13,17,21,COUNT = 688
7,13,19,COUNT = 714
7,13,21,COUNT = 753
7,14,COUNT = 987
7,14,15,COUNT = 680
7,14,15,17,COUNT = 680
7,14,17,COUNT = 882
7,14,17,19,COUNT = 694
7,14,17,21,COUNT = 712
7,14,19,COUNT = 694
7,14,21,COUNT = 804
7,15,COUNT = 1521
7,15,17,COUNT = 1521
7,15,17,19,COUNT = 1158
7,15,17,19,21,COUNT = 764
7,15,17,21,COUNT = 1127
7,15,19,COUNT = 1158
7,15,19,21,COUNT = 764
7,15,21,COUNT = 1127
7,17,COUNT = 1835
7,17,19,COUNT = 1408
7,17,19,21,COUNT = 973
7,17,21,COUNT = 1400
7,19,COUNT = 1408
7,19,21,COUNT = 973
7,21,COUNT = 1557
9,COUNT = 1855
9,11,COUNT = 1376
9,11,13,COUNT = 715
9,11,13,17,COUNT = 684
9,11,15,COUNT = 1123
9,11,15,17,COUNT = 1123
9,11,15,17,19,COUNT = 881
9,11,15,17,21,COUNT = 782
9,11,15,19,COUNT = 881
9,11,15,21,COUNT = 782
9,11,17,COUNT = 1309
9,11,17,19,COUNT = 1022
9,11,17,21,COUNT = 936
9,11,19,COUNT = 1022
9,11,21,COUNT = 999
9,13,COUNT = 999
9,13,15,COUNT = 809
9,13,15,17,COUNT = 809
9,13,17,COUNT = 922
9,13,17,19,COUNT = 688
9,13,19,COUNT = 688
9,13,21,COUNT = 724
9,14,COUNT = 856
9,14,17,COUNT = 781
9,14,21,COUNT = 704
9,15,COUNT = 1377
9,15,17,COUNT = 1377
9,15,17,19,COUNT = 1034
9,15,17,21,COUNT = 1010
9,15,19,COUNT = 1034
9,15,21,COUNT = 1010
9,17,COUNT = 1703
9,17,19,COUNT = 1296
9,17,19,21,COUNT = 887
9,17,21,COUNT = 1294
9,19,COUNT = 1296
9,19,21,COUNT = 887
9,21,COUNT = 1428
11,COUNT = 1478
11,13,COUNT = 724
11,13,17,COUNT = 692
11,14,COUNT = 754
11,14,17,COUNT = 703
11,15,COUNT = 1209
11,15,17,COUNT = 1209
11,15,17,19,COUNT = 959
11,15,17,21,COUNT = 853
11,15,19,COUNT = 959
11,15,21,COUNT = 853
11,17,COUNT = 1395
11,17,19,COUNT = 1100
11,17,19,21,COUNT = 712
11,17,21,COUNT = 1007
11,19,COUNT = 1100
11,19,21,COUNT = 712
11,21,COUNT = 1081
13,COUNT = 1032
13,15,COUNT = 841
13,15,17,COUNT = 841
13,17,COUNT = 954
13,17,19,COUNT = 715
13,17,21,COUNT = 688
13,19,COUNT = 715
13,21,COUNT = 753
14,COUNT = 1013
14,15,COUNT = 695
14,15,17,COUNT = 695
14,17,COUNT = 908
14,17,19,COUNT = 720
14,17,21,COUNT = 738
14,19,COUNT = 720
14,21,COUNT = 830
15,COUNT = 1536
15,17,COUNT = 1536
15,17,19,COUNT = 1173
15,17,19,21,COUNT = 779
15,17,21,COUNT = 1142
15,19,COUNT = 1173
15,19,21,COUNT = 779
15,21,COUNT = 1142
17,COUNT = 1862
17,19,COUNT = 1435
17,19,21,COUNT = 999
17,21,COUNT = 1426
19,COUNT = 1435
19,21,COUNT = 999
21,COUNT = 1583
